Score Diff      Team 1  Team 2  W       L       FG%     3P%     FT%     FTA/G   PF/G    2P Rank 2P% Rank        DRB Rank        STL Rank        PF Rank OPP DRB/G       OPP AST/G       OPP PTS/G       OPP 2PTA%       OPP 2P Rank     OPP 3P Rank     OPP 3PA Rank    OPP FT Rank     OPP FT% Rank    OPP ORB Rank    OPP DRB Rank    OPP BLK Rank    OPP PTS Rank    OPP PTS/G Rank  DIFF TOV Rank   DIFF PTS/G Rank SRS     ORtg    Years Exp
-10	18 LIU Brooklyn	18 Radford	0.404	0.605	0.561	0.561	0.430	0.636	0.672	0.464	0.301	0.290	0.491	0.662	0.724	0.587	0.712	0.717	0.787	0.299	0.302	0.723	0.298	0.738	0.668	0.577	0.672	0.804	0.582	0.148	0.419	0.435	0.763
10	18 Radford	18 LIU Brooklyn	0.596	0.395	0.439	0.439	0.570	0.364	0.328	0.536	0.699	0.710	0.509	0.338	0.276	0.413	0.288	0.283	0.213	0.701	0.698	0.277	0.702	0.262	0.332	0.423	0.328	0.196	0.418	0.852	0.581	0.565	0.237
7	18 St. Bonaventure	18 UCLA	0.595	0.395	0.454	0.454	0.603	0.576	0.630	0.461	0.699	0.614	0.238	0.682	0.420	0.496	0.364	0.376	0.313	0.418	0.500	0.715	0.662	0.523	0.451	0.906	0.413	0.304	0.723	0.664	0.457	0.464	0.631
-7	18 UCLA	18 St. Bonaventure	0.405	0.605	0.546	0.546	0.397	0.424	0.370	0.539	0.301	0.386	0.762	0.318	0.580	0.504	0.636	0.624	0.687	0.582	0.500	0.285	0.338	0.477	0.549	0.094	0.587	0.696	0.277	0.336	0.543	0.536	0.369
18	18 Texas Southern	18 North Carolina Central	0.404	0.605	0.439	0.439	0.359	0.809	0.471	0.387	0.583	0.264	0.247	0.530	0.841	0.668	0.777	0.509	0.714	0.784	0.699	0.678	0.486	0.887	0.908	0.539	0.886	0.878	0.640	0.127	0.574	0.507	0.553
-18	18 North Carolina Central	18 Texas Southern	0.596	0.395	0.561	0.561	0.641	0.191	0.529	0.613	0.417	0.736	0.753	0.470	0.159	0.332	0.223	0.491	0.286	0.216	0.301	0.322	0.514	0.113	0.092	0.461	0.114	0.122	0.360	0.873	0.426	0.493	0.447
4	18 Syracuse	18 Arizona State	0.500	0.553	0.266	0.266	0.509	0.367	0.338	0.417	0.908	0.267	0.306	0.519	0.313	0.579	0.212	0.350	0.336	0.619	0.632	0.552	0.595	0.599	0.558	0.552	0.467	0.162	0.731	0.981	0.480	0.249	0.316
-4	18 Arizona State	18 Syracuse	0.500	0.447	0.734	0.734	0.491	0.633	0.662	0.583	0.092	0.733	0.694	0.481	0.687	0.421	0.788	0.650	0.664	0.381	0.368	0.448	0.405	0.401	0.442	0.448	0.533	0.838	0.269	0.019	0.520	0.751	0.684
-20	18 Virginia	18 UMBC	0.666	0.289	0.587	0.587	0.846	0.297	0.340	0.383	0.415	0.673	0.595	0.233	0.247	0.209	0.120	0.497	0.211	0.147	0.238	0.337	0.902	0.256	0.135	0.429	0.163	0.395	0.171	0.673	0.827	0.608	0.474
20	18 UMBC	18 Virginia	0.334	0.711	0.413	0.413	0.154	0.703	0.660	0.617	0.585	0.327	0.405	0.767	0.753	0.791	0.880	0.503	0.789	0.853	0.762	0.663	0.098	0.744	0.865	0.571	0.837	0.605	0.829	0.327	0.173	0.392	0.526
-10	18 Creighton	18 Kansas State	0.476	0.500	0.648	0.648	0.545	0.393	0.273	0.533	0.401	0.305	0.834	0.058	0.658	0.622	0.686	0.578	0.669	0.500	0.487	0.083	0.408	0.191	0.462	0.565	0.474	0.755	0.160	0.127	0.547	0.666	0.658
10	18 Kansas State	18 Creighton	0.524	0.500	0.352	0.352	0.455	0.607	0.727	0.467	0.599	0.695	0.166	0.942	0.342	0.378	0.314	0.422	0.331	0.500	0.513	0.917	0.592	0.809	0.538	0.435	0.526	0.245	0.840	0.873	0.453	0.334	0.342
5	18 Kentucky	18 Davidson	0.572	0.474	0.459	0.459	0.180	1.000	0.757	0.052	0.717	0.319	0.266	0.963	0.364	0.510	0.560	0.470	0.744	0.582	0.652	0.858	0.539	0.973	0.552	0.897	0.829	0.585	0.936	0.440	0.584	0.364	0.105
-5	18 Davidson	18 Kentucky	0.428	0.526	0.541	0.541	0.820	0.000	0.243	0.948	0.283	0.681	0.734	0.037	0.636	0.490	0.440	0.530	0.256	0.418	0.348	0.142	0.461	0.027	0.448	0.103	0.171	0.415	0.064	0.560	0.416	0.636	0.895
-21	18 Arizona	18 Buffalo	0.524	0.474	0.658	0.658	0.696	0.584	0.242	0.488	0.455	0.534	0.757	0.290	0.139	0.589	0.382	0.429	0.392	0.627	0.503	0.308	0.494	0.227	0.047	0.158	0.397	0.324	0.286	0.641	0.604	0.550	0.553
21	18 Buffalo	18 Arizona	0.476	0.526	0.342	0.342	0.304	0.416	0.758	0.512	0.545	0.466	0.243	0.710	0.861	0.411	0.618	0.571	0.608	0.373	0.497	0.692	0.506	0.773	0.953	0.842	0.603	0.676	0.714	0.359	0.396	0.450	0.447
-2	18 Miami	18 Loyola-Chicago	0.358	0.605	0.286	0.286	0.298	0.528	0.658	0.651	0.647	0.809	0.643	0.489	0.668	0.632	0.639	0.549	0.374	0.284	0.228	0.499	0.573	0.404	0.375	0.396	0.284	0.579	0.131	0.388	0.533	0.487	0.395
2	18 Loyola-Chicago	18 Miami	0.642	0.395	0.714	0.714	0.702	0.472	0.342	0.349	0.353	0.191	0.357	0.511	0.332	0.368	0.361	0.451	0.626	0.716	0.772	0.501	0.427	0.596	0.625	0.604	0.716	0.421	0.869	0.612	0.467	0.513	0.605
26	18 Tennessee	18 Wright State	0.500	0.474	0.495	0.495	0.564	0.531	0.756	0.491	0.663	0.356	0.422	0.879	0.461	0.531	0.453	0.565	0.418	0.343	0.494	0.865	0.430	0.901	0.542	0.437	0.487	0.401	0.586	0.584	0.699	0.516	0.369
-26	18 Wright State	18 Tennessee	0.500	0.526	0.505	0.505	0.436	0.469	0.244	0.509	0.337	0.644	0.578	0.121	0.539	0.469	0.547	0.435	0.582	0.657	0.506	0.135	0.570	0.099	0.458	0.563	0.513	0.599	0.414	0.416	0.301	0.484	0.631
4	18 Nevada	18 Texas	0.691	0.316	0.653	0.653	0.750	0.610	0.564	0.397	0.443	0.346	0.391	0.754	0.527	0.549	0.613	0.390	0.623	0.720	0.742	0.796	0.468	0.605	0.623	0.542	0.763	0.663	0.526	0.214	0.507	0.759	0.763
-4	18 Texas	18 Nevada	0.309	0.684	0.347	0.347	0.250	0.390	0.436	0.603	0.557	0.654	0.609	0.246	0.473	0.451	0.387	0.610	0.377	0.280	0.258	0.204	0.532	0.395	0.377	0.458	0.237	0.337	0.474	0.786	0.493	0.241	0.237
15	18 Cincinnati	18 Georgia State	0.643	0.342	0.398	0.398	0.616	0.549	0.379	0.226	0.671	0.175	0.506	0.467	0.176	0.092	0.065	0.733	0.399	0.182	0.323	0.292	0.358	0.389	0.249	0.522	0.178	0.140	0.568	0.816	0.739	0.577	0.369
-15	18 Georgia State	18 Cincinnati	0.357	0.658	0.602	0.602	0.384	0.451	0.621	0.774	0.329	0.825	0.494	0.533	0.824	0.908	0.935	0.267	0.601	0.818	0.677	0.708	0.642	0.611	0.751	0.478	0.822	0.860	0.432	0.184	0.261	0.423	0.631
-7	18 UMBC	18 Kansas State	0.547	0.474	0.398	0.398	0.218	0.470	0.359	0.817	0.787	0.371	0.513	0.303	0.686	0.525	0.539	0.473	0.558	0.604	0.532	0.210	0.093	0.353	0.597	0.540	0.487	0.539	0.539	0.428	0.299	0.482	0.684
7	18 Kansas State	18 UMBC	0.453	0.526	0.602	0.602	0.782	0.530	0.641	0.183	0.213	0.629	0.487	0.697	0.314	0.475	0.461	0.527	0.442	0.396	0.468	0.790	0.907	0.647	0.403	0.460	0.513	0.461	0.461	0.572	0.701	0.518	0.316
20	18 Kentucky	18 Buffalo	0.453	0.553	0.495	0.495	0.497	0.761	0.363	0.477	0.674	0.478	0.595	0.477	0.237	0.598	0.343	0.201	0.366	0.750	0.727	0.384	0.147	0.539	0.244	0.494	0.451	0.270	0.475	0.716	0.625	0.415	0.237
-20	18 Buffalo	18 Kentucky	0.547	0.447	0.505	0.505	0.503	0.239	0.637	0.523	0.326	0.522	0.405	0.523	0.763	0.402	0.657	0.799	0.634	0.250	0.273	0.616	0.853	0.461	0.756	0.506	0.549	0.730	0.525	0.284	0.375	0.585	0.763
1	18 Loyola-Chicago	18 Tennessee	0.572	0.421	0.842	0.842	0.397	0.323	0.119	0.298	0.029	0.348	0.426	0.097	0.400	0.549	0.419	0.480	0.672	0.692	0.706	0.117	0.451	0.347	0.523	0.563	0.598	0.506	0.620	0.561	0.394	0.484	0.552
-1	18 Tennessee	18 Loyola-Chicago	0.428	0.579	0.158	0.158	0.603	0.677	0.881	0.702	0.971	0.652	0.574	0.903	0.600	0.451	0.581	0.520	0.328	0.308	0.294	0.883	0.549	0.653	0.477	0.437	0.402	0.494	0.380	0.439	0.606	0.516	0.448
2	18 Nevada	18 Cincinnati	0.428	0.579	0.597	0.597	0.663	0.543	0.599	0.482	0.380	0.468	0.581	0.709	0.799	0.734	0.909	0.474	0.918	0.749	0.664	0.829	0.696	0.573	0.872	0.483	0.963	0.777	0.372	0.199	0.421	0.571	0.579
-2	18 Cincinnati	18 Nevada	0.572	0.421	0.403	0.403	0.337	0.457	0.401	0.518	0.620	0.532	0.419	0.291	0.201	0.266	0.091	0.526	0.082	0.251	0.336	0.171	0.304	0.427	0.128	0.517	0.037	0.223	0.628	0.801	0.579	0.429	0.421
3	18 Kansas State	18 Kentucky	0.453	0.526	0.454	0.454	0.615	0.202	0.466	0.591	0.365	0.718	0.264	0.477	0.626	0.472	0.417	0.588	0.391	0.377	0.409	0.557	0.842	0.459	0.676	0.154	0.414	0.398	0.493	0.710	0.441	0.428	0.737
-3	18 Kentucky	18 Kansas State	0.547	0.474	0.546	0.546	0.385	0.798	0.534	0.409	0.635	0.282	0.736	0.523	0.374	0.528	0.583	0.412	0.609	0.623	0.591	0.443	0.158	0.541	0.324	0.846	0.586	0.602	0.507	0.290	0.559	0.572	0.263
1	18 Loyola-Chicago	18 Nevada	0.523	0.447	0.694	0.694	0.442	0.255	0.285	0.476	0.340	0.496	0.458	0.190	0.226	0.388	0.225	0.549	0.374	0.385	0.422	0.184	0.454	0.333	0.273	0.648	0.290	0.228	0.762	0.870	0.445	0.345	0.395
-1	18 Nevada	18 Loyola-Chicago	0.476	0.553	0.306	0.306	0.558	0.745	0.715	0.524	0.660	0.504	0.542	0.810	0.774	0.612	0.775	0.451	0.626	0.615	0.578	0.816	0.546	0.667	0.727	0.352	0.710	0.772	0.238	0.130	0.555	0.655	0.605
-16	18 Kansas State	18 Loyola-Chicago	0.358	0.658	0.275	0.275	0.529	0.590	0.816	0.540	0.585	0.713	0.424	0.906	0.629	0.568	0.615	0.410	0.380	0.533	0.510	0.917	0.736	0.659	0.627	0.238	0.580	0.559	0.429	0.470	0.533	0.451	0.369
16	18 Loyola-Chicago	18 Kansas State	0.642	0.342	0.725	0.725	0.471	0.410	0.184	0.460	0.415	0.287	0.576	0.094	0.371	0.432	0.385	0.590	0.620	0.467	0.490	0.083	0.264	0.341	0.373	0.762	0.420	0.441	0.571	0.530	0.467	0.549	0.631
19	18 Xavier	18 Texas Southern	0.809	0.132	0.745	0.745	0.840	0.424	0.472	0.455	0.335	0.397	0.723	0.564	0.234	0.392	0.413	0.309	0.415	0.659	0.743	0.479	1.000	0.146	0.286	0.541	0.507	0.378	0.219	0.549	0.843	0.755	0.447
-19	18 Texas Southern	18 Xavier	0.191	0.868	0.255	0.255	0.160	0.576	0.528	0.545	0.665	0.603	0.277	0.436	0.766	0.608	0.587	0.691	0.585	0.341	0.257	0.521	0.000	0.854	0.714	0.459	0.493	0.622	0.781	0.451	0.157	0.245	0.553
-13	18 Missouri	18 Florida State	0.500	0.526	0.408	0.408	0.637	0.428	0.457	1.000	0.690	0.540	0.837	0.356	0.378	0.424	0.374	0.549	0.398	0.217	0.295	0.313	0.598	0.373	0.224	0.651	0.208	0.322	0.297	0.757	0.473	0.446	0.631
13	18 Florida State	18 Missouri	0.500	0.474	0.592	0.592	0.363	0.572	0.543	0.000	0.310	0.460	0.163	0.644	0.622	0.576	0.626	0.451	0.602	0.783	0.705	0.687	0.402	0.627	0.776	0.349	0.792	0.678	0.703	0.243	0.527	0.554	0.369
8	18 Ohio State	18 South Dakota State	0.405	0.553	0.567	0.567	0.401	0.341	0.600	0.363	0.352	0.593	0.324	0.611	0.236	0.516	0.325	0.474	0.169	0.427	0.398	0.513	0.337	0.477	0.158	0.490	0.233	0.245	0.659	0.740	0.647	0.394	0.473
-8	18 South Dakota State	18 Ohio State	0.595	0.447	0.433	0.433	0.599	0.659	0.400	0.637	0.648	0.407	0.676	0.389	0.764	0.484	0.675	0.526	0.831	0.573	0.602	0.487	0.663	0.523	0.842	0.510	0.767	0.755	0.341	0.260	0.353	0.606	0.527
4	18 Gonzaga	18 UNC Greensboro	0.572	0.421	0.770	0.770	0.532	0.675	0.396	0.189	0.336	0.369	0.588	0.455	0.485	0.593	0.636	0.656	0.797	0.752	0.617	0.386	0.417	0.680	0.601	0.649	0.804	0.571	0.274	0.296	0.688	0.749	0.447
-4	18 UNC Greensboro	18 Gonzaga	0.428	0.579	0.230	0.230	0.468	0.325	0.604	0.811	0.664	0.631	0.412	0.545	0.515	0.407	0.364	0.344	0.203	0.248	0.383	0.614	0.583	0.320	0.399	0.351	0.196	0.429	0.726	0.704	0.312	0.251	0.553
2	18 Houston	18 San Diego State	0.595	0.421	0.510	0.510	0.509	0.409	0.773	0.522	0.652	0.420	0.425	0.831	0.460	0.316	0.421	0.574	0.437	0.385	0.372	0.863	0.275	0.603	0.572	0.339	0.538	0.442	0.585	0.544	0.551	0.554	0.447
-2	18 San Diego State	18 Houston	0.405	0.579	0.490	0.490	0.491	0.591	0.227	0.478	0.348	0.580	0.575	0.169	0.540	0.684	0.579	0.426	0.563	0.615	0.628	0.137	0.725	0.397	0.428	0.661	0.462	0.558	0.415	0.456	0.449	0.446	0.553
14	18 Michigan	18 Montana	0.547	0.500	0.357	0.357	0.420	0.446	0.283	0.439	0.523	0.174	0.327	0.520	0.640	0.447	0.351	0.688	0.829	0.471	0.586	0.417	0.327	0.758	0.952	0.840	0.763	0.346	0.582	0.689	0.742	0.484	0.289
-14	18 Montana	18 Michigan	0.453	0.500	0.643	0.643	0.580	0.554	0.717	0.561	0.477	0.826	0.673	0.480	0.360	0.553	0.649	0.312	0.171	0.529	0.414	0.583	0.673	0.242	0.048	0.160	0.237	0.654	0.418	0.311	0.258	0.516	0.711
4	18 Texas A&M	18 Providence	0.476	0.474	0.597	0.597	0.363	0.361	0.402	0.417	0.282	0.366	0.725	0.362	0.373	0.655	0.442	0.458	0.408	0.668	0.633	0.306	0.147	0.560	0.369	0.532	0.431	0.418	0.428	0.513	0.556	0.545	0.447
-4	18 Providence	18 Texas A&M	0.524	0.526	0.403	0.403	0.637	0.639	0.598	0.583	0.718	0.634	0.275	0.638	0.627	0.345	0.558	0.542	0.592	0.332	0.367	0.694	0.853	0.440	0.631	0.468	0.569	0.582	0.572	0.487	0.444	0.455	0.553
18	18 North Carolina	18 Lipscomb	0.547	0.526	0.367	0.367	0.471	0.333	0.396	0.467	0.707	0.488	0.659	0.484	0.389	0.713	0.612	0.438	0.579	0.774	0.639	0.414	0.050	0.842	0.536	0.569	0.736	0.621	0.367	0.442	0.655	0.544	0.447
-18	18 Lipscomb	18 North Carolina	0.453	0.474	0.633	0.633	0.529	0.667	0.604	0.533	0.293	0.512	0.341	0.516	0.611	0.287	0.388	0.562	0.421	0.226	0.361	0.586	0.950	0.158	0.464	0.431	0.264	0.379	0.633	0.558	0.345	0.456	0.553
-5	18 Xavier	18 Florida State	0.691	0.342	0.623	0.623	0.782	0.573	0.402	0.484	0.441	0.442	0.676	0.378	0.413	0.636	0.547	0.389	0.603	0.545	0.565	0.325	0.726	0.171	0.372	0.715	0.541	0.581	0.284	0.417	0.544	0.634	0.631
5	18 Florida State	18 Xavier	0.309	0.658	0.377	0.377	0.218	0.427	0.598	0.516	0.559	0.558	0.324	0.622	0.587	0.364	0.453	0.611	0.397	0.455	0.435	0.675	0.274	0.829	0.628	0.285	0.459	0.419	0.716	0.583	0.456	0.366	0.369
-6	18 Ohio State	18 Gonzaga	0.357	0.605	0.409	0.409	0.574	0.435	0.531	0.556	0.552	0.598	0.624	0.409	0.501	0.564	0.498	0.364	0.265	0.500	0.494	0.337	0.350	0.432	0.316	0.411	0.293	0.498	0.366	0.579	0.490	0.339	0.526
6	18 Gonzaga	18 Ohio State	0.643	0.395	0.591	0.591	0.426	0.565	0.469	0.444	0.448	0.402	0.376	0.591	0.499	0.436	0.502	0.636	0.735	0.500	0.506	0.663	0.650	0.568	0.684	0.589	0.707	0.502	0.634	0.421	0.510	0.661	0.474
-1	18 Houston	18 Michigan	0.453	0.500	0.464	0.464	0.682	0.579	0.870	0.608	0.741	0.545	0.644	0.610	0.390	0.578	0.542	0.257	0.064	0.558	0.587	0.625	0.331	0.417	0.221	0.186	0.214	0.515	0.510	0.411	0.459	0.523	0.447
1	18 Michigan	18 Houston	0.547	0.500	0.536	0.536	0.318	0.421	0.130	0.392	0.259	0.455	0.356	0.390	0.610	0.422	0.458	0.743	0.936	0.442	0.413	0.375	0.669	0.583	0.779	0.814	0.786	0.485	0.490	0.589	0.541	0.477	0.553
21	18 Texas A&M	18 North Carolina	0.381	0.553	0.516	0.516	0.238	0.549	0.537	0.524	0.386	0.512	0.614	0.453	0.568	0.501	0.427	0.607	0.522	0.356	0.445	0.512	0.506	0.536	0.478	0.444	0.358	0.396	0.454	0.663	0.435	0.337	0.421
-21	18 North Carolina	18 Texas A&M	0.619	0.447	0.484	0.484	0.762	0.451	0.463	0.476	0.614	0.488	0.386	0.547	0.432	0.499	0.573	0.393	0.478	0.644	0.555	0.488	0.494	0.464	0.522	0.556	0.642	0.604	0.546	0.337	0.565	0.663	0.579
15	18 Florida State	18 Gonzaga	0.262	0.684	0.347	0.347	0.446	0.629	0.608	0.544	0.582	0.579	0.473	0.551	0.588	0.599	0.636	0.435	0.453	0.545	0.537	0.593	0.483	0.741	0.506	0.522	0.537	0.692	0.650	0.411	0.464	0.305	0.395
-15	18 Gonzaga	18 Florida State	0.738	0.316	0.653	0.653	0.554	0.371	0.392	0.456	0.418	0.421	0.527	0.449	0.412	0.401	0.364	0.565	0.547	0.455	0.463	0.407	0.517	0.259	0.494	0.478	0.463	0.308	0.350	0.589	0.536	0.695	0.605
27	18 Michigan	18 Texas A&M	0.691	0.368	0.540	0.540	0.500	0.415	0.450	0.514	0.403	0.498	0.210	0.682	0.538	0.136	0.312	0.733	0.645	0.223	0.208	0.694	0.774	0.380	0.678	0.473	0.591	0.326	0.510	0.644	0.551	0.610	0.474
-27	18 Texas A&M	18 Michigan	0.309	0.632	0.460	0.460	0.500	0.585	0.550	0.486	0.597	0.502	0.790	0.318	0.462	0.864	0.688	0.267	0.355	0.777	0.792	0.306	0.226	0.620	0.322	0.527	0.409	0.674	0.490	0.356	0.449	0.390	0.526
-4	18 Florida State	18 Michigan	0.309	0.605	0.500	0.500	0.596	0.722	0.703	0.509	0.546	0.568	0.550	0.525	0.464	0.683	0.751	0.264	0.295	0.841	0.773	0.530	0.451	0.636	0.328	0.276	0.481	0.758	0.660	0.220	0.456	0.466	0.447
4	18 Michigan	18 Florida State	0.691	0.395	0.500	0.500	0.404	0.278	0.297	0.491	0.454	0.432	0.450	0.475	0.536	0.317	0.249	0.736	0.705	0.159	0.227	0.470	0.549	0.364	0.672	0.724	0.519	0.242	0.340	0.780	0.544	0.534	0.553
26	18 Villanova	18 Radford	0.691	0.289	0.883	0.883	0.673	0.540	0.470	0.158	0.026	0.244	0.395	0.615	0.532	0.646	0.639	0.617	0.835	0.570	0.667	0.625	0.493	0.721	0.718	0.342	0.783	0.638	0.514	0.132	0.896	0.903	0.631
-26	18 Radford	18 Villanova	0.309	0.711	0.117	0.117	0.327	0.460	0.530	0.842	0.974	0.756	0.605	0.385	0.468	0.354	0.361	0.383	0.165	0.430	0.333	0.375	0.507	0.279	0.282	0.658	0.217	0.362	0.486	0.868	0.104	0.097	0.369
-3	18 Virginia Tech	18 Alabama	0.547	0.395	0.694	0.694	0.625	0.394	0.298	0.574	0.413	0.670	0.689	0.098	0.485	0.665	0.542	0.341	0.325	0.628	0.541	0.169	0.564	0.346	0.295	0.451	0.365	0.557	0.200	0.309	0.527	0.724	0.684
3	18 Alabama	18 Virginia Tech	0.453	0.605	0.306	0.306	0.375	0.606	0.702	0.426	0.587	0.330	0.311	0.902	0.515	0.335	0.458	0.659	0.675	0.372	0.459	0.831	0.436	0.654	0.705	0.549	0.635	0.443	0.800	0.691	0.473	0.276	0.316
17	18 West Virginia	18 Murray State	0.453	0.632	0.260	0.260	0.603	0.438	0.782	0.260	0.854	0.431	0.310	0.860	0.669	0.692	0.590	0.393	0.456	0.924	0.727	0.914	0.402	0.727	0.934	0.777	0.888	0.597	0.795	0.425	0.676	0.453	0.658
-17	18 Murray State	18 West Virginia	0.547	0.368	0.740	0.740	0.397	0.562	0.218	0.740	0.146	0.569	0.690	0.140	0.331	0.308	0.410	0.607	0.544	0.076	0.273	0.086	0.598	0.273	0.066	0.223	0.112	0.403	0.205	0.575	0.324	0.547	0.342
-6	18 Wichita State	18 Marshall	0.523	0.421	0.683	0.683	0.471	0.509	0.419	0.252	0.326	0.121	0.505	0.180	0.000	0.336	0.204	0.386	0.000	0.223	0.293	0.066	0.131	0.002	0.000	0.400	0.014	0.000	0.391	0.783	0.742	0.796	0.631
6	18 Marshall	18 Wichita State	0.476	0.579	0.317	0.317	0.529	0.491	0.581	0.748	0.674	0.879	0.495	0.820	1.000	0.664	0.796	0.614	1.000	0.777	0.707	0.934	0.869	0.998	1.000	0.600	0.986	1.000	0.609	0.217	0.258	0.204	0.369
15	18 Florida	18 St. Bonaventure	0.381	0.632	0.403	0.403	0.391	0.341	0.332	0.639	0.556	0.581	0.510	0.316	0.652	0.338	0.458	0.818	0.684	0.277	0.164	0.357	0.622	0.539	0.669	0.272	0.440	0.439	0.405	0.570	0.605	0.503	0.500
-15	18 St. Bonaventure	18 Florida	0.619	0.368	0.597	0.597	0.609	0.659	0.668	0.361	0.444	0.419	0.490	0.684	0.348	0.662	0.542	0.182	0.316	0.723	0.836	0.643	0.378	0.461	0.331	0.728	0.560	0.561	0.595	0.430	0.395	0.497	0.500
10	18 Texas Tech	18 Stephen F. Austin	0.405	0.579	0.607	0.607	0.570	0.590	0.416	0.227	0.351	0.071	0.248	0.577	0.398	0.059	0.312	0.682	0.626	0.328	0.515	0.680	0.388	0.538	0.704	0.848	0.593	0.241	0.512	0.573	0.905	0.695	0.447
-10	18 Stephen F. Austin	18 Texas Tech	0.595	0.421	0.393	0.393	0.430	0.410	0.584	0.773	0.649	0.929	0.752	0.423	0.602	0.941	0.688	0.318	0.374	0.672	0.485	0.320	0.612	0.462	0.296	0.152	0.407	0.759	0.488	0.427	0.095	0.305	0.553
-17	18 Arkansas	18 Butler	0.572	0.447	0.505	0.505	0.195	0.795	0.614	0.497	0.670	0.528	0.561	0.592	0.521	0.584	0.579	0.370	0.405	0.585	0.680	0.582	0.420	0.908	0.530	0.530	0.559	0.625	0.488	0.404	0.471	0.515	0.448
17	18 Butler	18 Arkansas	0.428	0.553	0.495	0.495	0.805	0.205	0.386	0.503	0.330	0.472	0.439	0.408	0.479	0.416	0.421	0.630	0.595	0.415	0.320	0.418	0.580	0.092	0.470	0.470	0.441	0.375	0.512	0.596	0.529	0.485	0.552
26	18 Purdue	18 Cal State Fullerton	0.691	0.368	0.683	0.683	0.641	0.452	0.281	0.495	0.345	0.456	0.340	0.417	0.239	0.453	0.364	0.504	0.617	0.731	0.752	0.228	0.471	0.780	0.475	0.593	0.665	0.287	0.575	0.508	0.846	0.888	0.500
-26	18 Cal State Fullerton	18 Purdue	0.309	0.632	0.317	0.317	0.359	0.548	0.719	0.505	0.655	0.544	0.660	0.583	0.761	0.547	0.636	0.496	0.383	0.269	0.248	0.772	0.529	0.220	0.525	0.407	0.335	0.713	0.425	0.492	0.154	0.112	0.500
23	18 Villanova	18 Alabama	0.762	0.211	0.699	0.699	0.850	0.274	0.318	0.426	0.410	0.431	0.406	0.444	0.448	0.615	0.490	0.571	0.670	0.554	0.554	0.403	0.947	0.450	0.605	0.268	0.591	0.477	0.398	0.318	0.694	0.932	0.684
-23	18 Alabama	18 Villanova	0.238	0.789	0.301	0.301	0.150	0.726	0.682	0.574	0.590	0.569	0.594	0.556	0.552	0.385	0.510	0.429	0.330	0.446	0.446	0.597	0.053	0.550	0.395	0.732	0.409	0.523	0.602	0.682	0.306	0.068	0.316
23	18 West Virginia	18 Marshall	0.500	0.500	0.484	0.484	0.628	0.513	0.726	0.311	0.720	0.265	0.498	0.690	0.108	0.467	0.173	0.363	0.127	0.659	0.628	0.572	0.391	0.433	0.440	0.882	0.422	0.136	0.541	0.738	0.786	0.704	0.500
-23	18 Marshall	18 West Virginia	0.500	0.500	0.516	0.516	0.372	0.487	0.274	0.689	0.280	0.735	0.502	0.310	0.892	0.533	0.827	0.637	0.873	0.341	0.372	0.428	0.609	0.567	0.560	0.118	0.578	0.864	0.459	0.262	0.214	0.296	0.500
-3	18 Florida	18 Texas Tech	0.404	0.579	0.357	0.357	0.545	0.390	0.453	0.776	0.730	0.672	0.569	0.328	0.788	0.611	0.615	0.659	0.631	0.381	0.245	0.347	0.748	0.481	0.672	0.252	0.452	0.614	0.195	0.395	0.463	0.527	0.605
3	18 Texas Tech	18 Florida	0.596	0.421	0.643	0.643	0.455	0.610	0.547	0.224	0.270	0.328	0.431	0.672	0.212	0.389	0.385	0.341	0.369	0.619	0.755	0.653	0.252	0.519	0.328	0.748	0.548	0.386	0.805	0.605	0.537	0.473	0.395
-3	18 Butler	18 Purdue	0.309	0.684	0.398	0.398	0.606	0.315	0.683	0.437	0.496	0.624	0.397	0.660	0.644	0.548	0.681	0.396	0.368	0.628	0.452	0.893	0.904	0.128	0.584	0.746	0.585	0.724	0.541	0.376	0.412	0.352	0.368
3	18 Purdue	18 Butler	0.691	0.316	0.602	0.602	0.394	0.685	0.317	0.563	0.504	0.376	0.603	0.340	0.356	0.452	0.319	0.604	0.632	0.372	0.548	0.107	0.096	0.872	0.416	0.254	0.415	0.276	0.459	0.624	0.588	0.648	0.632
12	18 Villanova	18 West Virginia	0.643	0.342	0.826	0.826	0.542	0.404	0.125	0.467	0.110	0.358	0.536	0.385	0.438	0.565	0.515	0.594	0.867	0.440	0.635	0.340	0.725	0.506	0.530	0.223	0.579	0.521	0.494	0.447	0.591	0.704	0.473
-12	18 West Virginia	18 Villanova	0.357	0.658	0.174	0.174	0.458	0.596	0.875	0.533	0.890	0.642	0.464	0.615	0.562	0.435	0.485	0.406	0.133	0.560	0.365	0.660	0.275	0.494	0.470	0.777	0.421	0.479	0.506	0.553	0.409	0.296	0.527
13	18 Texas Tech	18 Purdue	0.405	0.579	0.332	0.332	0.375	0.592	0.665	0.459	0.679	0.547	0.313	0.706	0.505	0.358	0.477	0.373	0.237	0.489	0.538	0.928	0.600	0.486	0.510	0.836	0.461	0.489	0.756	0.609	0.445	0.292	0.342
-13	18 Purdue	18 Texas Tech	0.595	0.421	0.668	0.668	0.625	0.408	0.335	0.541	0.321	0.453	0.687	0.294	0.495	0.642	0.523	0.627	0.763	0.511	0.462	0.072	0.400	0.514	0.490	0.164	0.539	0.511	0.244	0.391	0.555	0.708	0.658
12	18 Villanova	18 Texas Tech	0.643	0.368	0.704	0.704	0.741	0.308	0.366	0.463	0.254	0.425	0.506	0.460	0.549	0.748	0.641	0.584	0.838	0.633	0.603	0.393	0.823	0.517	0.689	0.252	0.716	0.643	0.406	0.272	0.599	0.811	0.526
-12	18 Texas Tech	18 Villanova	0.357	0.632	0.296	0.296	0.259	0.692	0.634	0.537	0.746	0.575	0.494	0.540	0.451	0.252	0.359	0.416	0.162	0.367	0.397	0.607	0.177	0.483	0.311	0.748	0.284	0.357	0.594	0.728	0.401	0.189	0.474
16	18 Kansas	18 Penn	0.572	0.474	0.674	0.674	0.657	0.352	0.373	0.222	0.458	0.468	0.239	0.605	0.217	0.741	0.579	0.302	0.636	0.990	0.881	0.416	0.332	0.959	0.502	0.814	0.847	0.607	0.834	0.365	0.759	0.728	0.553
-16	18 Penn	18 Kansas	0.428	0.526	0.326	0.326	0.343	0.648	0.627	0.778	0.542	0.532	0.761	0.395	0.783	0.259	0.421	0.698	0.364	0.010	0.119	0.584	0.668	0.041	0.498	0.186	0.153	0.393	0.166	0.635	0.241	0.272	0.447
11	18 Seton Hall	18 NC State	0.500	0.500	0.490	0.490	0.506	0.506	0.473	0.478	0.508	0.251	0.652	0.514	0.454	0.432	0.469	0.321	0.402	0.811	0.820	0.442	0.703	0.435	0.502	0.353	0.537	0.457	0.495	0.546	0.538	0.470	0.579
-11	18 NC State	18 Seton Hall	0.500	0.500	0.510	0.510	0.494	0.494	0.527	0.522	0.492	0.749	0.348	0.486	0.546	0.568	0.531	0.679	0.598	0.189	0.180	0.558	0.297	0.565	0.498	0.647	0.463	0.543	0.505	0.454	0.462	0.530	0.421
11	18 Clemson	18 New Mexico State	0.381	0.605	0.490	0.490	0.858	0.550	0.387	0.696	0.585	0.526	0.463	0.372	0.490	0.662	0.545	0.496	0.555	0.777	0.611	0.361	0.393	0.712	0.553	0.865	0.612	0.524	0.363	0.531	0.610	0.522	0.710
-11	18 New Mexico State	18 Clemson	0.619	0.395	0.510	0.510	0.142	0.450	0.613	0.304	0.415	0.474	0.537	0.628	0.510	0.338	0.455	0.504	0.445	0.223	0.389	0.639	0.607	0.288	0.447	0.135	0.388	0.476	0.637	0.469	0.390	0.478	0.290
4	18 Auburn	18 College of Charleston	0.476	0.500	0.240	0.240	0.532	0.753	0.849	0.782	0.880	0.333	0.405	0.920	0.652	0.503	0.620	0.607	0.469	0.522	0.481	0.906	0.374	0.742	0.741	0.608	0.629	0.640	0.728	0.326	0.677	0.505	0.316
-4	18 College of Charleston	18 Auburn	0.524	0.500	0.760	0.760	0.468	0.247	0.151	0.218	0.120	0.667	0.595	0.080	0.348	0.497	0.380	0.393	0.531	0.478	0.519	0.094	0.626	0.258	0.259	0.392	0.371	0.360	0.272	0.674	0.323	0.495	0.684
-5	18 TCU	18 Syracuse	0.524	0.447	0.903	0.903	0.404	0.438	0.517	0.355	0.027	0.672	0.663	0.307	0.426	0.462	0.804	0.789	0.812	0.381	0.193	0.400	0.503	0.129	0.215	0.627	0.612	0.861	0.276	0.010	0.547	0.784	0.684
5	18 Syracuse	18 TCU	0.476	0.553	0.097	0.097	0.596	0.562	0.483	0.645	0.973	0.328	0.337	0.693	0.574	0.538	0.196	0.211	0.188	0.619	0.807	0.600	0.497	0.871	0.785	0.373	0.388	0.139	0.724	0.990	0.453	0.216	0.316
4	18 Michigan State	18 Bucknell	0.596	0.368	0.735	0.735	0.497	0.537	0.461	0.242	0.438	0.432	0.586	0.459	0.130	0.423	0.298	0.468	0.109	0.621	0.621	0.503	0.691	0.574	0.141	0.396	0.270	0.185	0.532	0.664	0.786	0.728	0.342
-4	18 Bucknell	18 Michigan State	0.404	0.632	0.265	0.265	0.503	0.463	0.539	0.758	0.562	0.568	0.414	0.541	0.870	0.577	0.702	0.532	0.891	0.379	0.379	0.497	0.309	0.426	0.859	0.604	0.730	0.815	0.468	0.336	0.214	0.272	0.658
5	18 Rhode Island	18 Oklahoma	0.666	0.342	0.465	0.465	0.343	0.373	0.621	0.400	0.684	0.741	0.325	0.773	0.421	0.258	0.162	0.714	0.422	0.040	0.069	0.868	0.767	0.197	0.536	0.246	0.265	0.123	0.522	0.822	0.473	0.483	0.763
-5	18 Oklahoma	18 Rhode Island	0.334	0.658	0.535	0.535	0.657	0.627	0.379	0.600	0.316	0.259	0.675	0.227	0.579	0.742	0.838	0.286	0.578	0.960	0.931	0.132	0.233	0.803	0.464	0.754	0.735	0.877	0.478	0.178	0.527	0.517	0.237
22	18 Duke	18 Iona	0.643	0.342	0.699	0.699	0.413	0.506	0.378	0.154	0.410	0.353	0.316	0.532	0.144	0.436	0.330	0.701	0.745	0.415	0.517	0.427	0.777	0.589	0.266	0.216	0.512	0.224	0.704	0.609	0.903	0.751	0.315
-22	18 Iona	18 Duke	0.357	0.658	0.301	0.301	0.587	0.494	0.622	0.846	0.590	0.647	0.684	0.468	0.856	0.564	0.670	0.299	0.255	0.585	0.483	0.573	0.223	0.411	0.734	0.784	0.488	0.776	0.296	0.391	0.097	0.249	0.685
4	18 Kansas	18 Seton Hall	0.643	0.395	0.623	0.623	0.532	0.275	0.310	0.461	0.355	0.386	0.325	0.455	0.496	0.486	0.448	0.454	0.601	0.669	0.615	0.438	0.403	0.669	0.754	0.674	0.612	0.417	0.672	0.530	0.577	0.601	0.447
-4	18 Seton Hall	18 Kansas	0.357	0.605	0.377	0.377	0.468	0.725	0.690	0.539	0.645	0.614	0.675	0.545	0.504	0.514	0.552	0.546	0.399	0.331	0.385	0.562	0.597	0.331	0.246	0.326	0.388	0.583	0.328	0.470	0.423	0.399	0.553
31	18 Clemson	18 Auburn	0.453	0.553	0.627	0.627	0.439	0.243	0.249	0.421	0.306	0.418	0.737	0.229	0.402	0.385	0.309	0.571	0.473	0.477	0.461	0.117	0.301	0.468	0.434	0.621	0.320	0.258	0.350	0.780	0.516	0.433	0.737
-31	18 Auburn	18 Clemson	0.547	0.447	0.373	0.373	0.561	0.757	0.751	0.579	0.694	0.582	0.263	0.771	0.598	0.615	0.691	0.429	0.527	0.523	0.539	0.883	0.699	0.532	0.566	0.379	0.680	0.742	0.650	0.220	0.484	0.567	0.263
2	18 Syracuse	18 Michigan State	0.285	0.737	0.097	0.097	0.465	0.561	0.378	0.640	0.977	0.562	0.034	0.433	0.695	0.818	0.471	0.207	0.487	0.675	0.672	0.493	0.511	0.554	0.798	0.764	0.600	0.513	0.718	0.740	0.371	0.167	0.395
-2	18 Michigan State	18 Syracuse	0.715	0.263	0.903	0.903	0.535	0.439	0.622	0.360	0.023	0.438	0.966	0.567	0.305	0.182	0.529	0.793	0.513	0.325	0.328	0.507	0.489	0.446	0.202	0.236	0.400	0.487	0.282	0.260	0.629	0.833	0.605
-25	18 Rhode Island	18 Duke	0.476	0.500	0.311	0.311	0.458	0.372	0.738	0.552	0.766	0.855	0.554	0.685	0.786	0.274	0.478	0.701	0.409	0.092	0.019	0.890	0.527	0.152	0.720	0.566	0.297	0.469	0.367	0.604	0.329	0.285	0.895
25	18 Duke	18 Rhode Island	0.524	0.500	0.689	0.689	0.542	0.628	0.262	0.448	0.234	0.145	0.446	0.315	0.214	0.726	0.522	0.299	0.591	0.908	0.981	0.110	0.473	0.848	0.280	0.434	0.703	0.531	0.633	0.396	0.671	0.715	0.105
4	18 Kansas	18 Clemson	0.596	0.447	0.684	0.684	0.350	0.391	0.445	0.247	0.331	0.460	0.256	0.614	0.469	0.608	0.657	0.445	0.823	0.634	0.651	0.613	0.629	0.723	0.654	0.553	0.816	0.692	0.757	0.253	0.557	0.657	0.447
-4	18 Clemson	18 Kansas	0.404	0.553	0.316	0.316	0.650	0.609	0.555	0.753	0.669	0.540	0.744	0.386	0.531	0.392	0.343	0.555	0.177	0.366	0.349	0.387	0.371	0.277	0.346	0.447	0.184	0.308	0.243	0.747	0.443	0.343	0.553
-4	18 Syracuse	18 Duke	0.357	0.658	0.117	0.117	0.583	0.519	0.568	0.713	0.997	0.559	0.525	0.608	0.595	0.615	0.348	0.250	0.104	0.538	0.510	0.760	0.508	0.478	0.641	0.693	0.326	0.366	0.525	0.862	0.344	0.137	0.553
4	18 Duke	18 Syracuse	0.643	0.342	0.883	0.883	0.417	0.481	0.432	0.287	0.003	0.441	0.475	0.392	0.405	0.385	0.652	0.750	0.896	0.462	0.490	0.240	0.492	0.522	0.359	0.307	0.674	0.634	0.475	0.138	0.656	0.863	0.447
4	18 Kansas	18 Duke	0.524	0.500	0.500	0.500	0.494	0.278	0.486	0.510	0.513	0.509	0.537	0.575	0.655	0.365	0.560	0.426	0.533	0.588	0.517	0.623	0.369	0.510	0.803	0.814	0.576	0.587	0.558	0.465	0.459	0.430	0.789
-4	18 Duke	18 Kansas	0.476	0.500	0.500	0.500	0.506	0.722	0.514	0.490	0.487	0.491	0.463	0.425	0.345	0.635	0.440	0.574	0.467	0.412	0.483	0.377	0.631	0.490	0.197	0.186	0.424	0.413	0.442	0.535	0.541	0.570	0.211
-12	18 Loyola-Chicago	18 Michigan	0.500	0.447	0.699	0.699	0.705	0.454	0.377	0.512	0.473	0.517	0.550	0.163	0.299	0.620	0.482	0.283	0.352	0.692	0.748	0.190	0.353	0.483	0.262	0.437	0.339	0.497	0.678	0.561	0.383	0.446	0.526
12	18 Michigan	18 Loyola-Chicago	0.500	0.553	0.301	0.301	0.295	0.546	0.623	0.488	0.527	0.483	0.450	0.837	0.701	0.380	0.518	0.717	0.648	0.308	0.252	0.810	0.647	0.517	0.738	0.563	0.661	0.503	0.322	0.439	0.617	0.554	0.474
16	18 Villanova	18 Kansas	0.572	0.421	0.540	0.540	0.728	0.569	0.556	0.514	0.466	0.484	0.487	0.610	0.478	0.538	0.455	0.610	0.512	0.385	0.474	0.662	0.720	0.429	0.507	0.252	0.502	0.432	0.432	0.516	0.571	0.653	0.447
-16	18 Kansas	18 Villanova	0.428	0.579	0.460	0.460	0.272	0.431	0.444	0.486	0.534	0.516	0.513	0.390	0.522	0.462	0.545	0.390	0.488	0.615	0.526	0.338	0.280	0.571	0.493	0.748	0.498	0.568	0.568	0.484	0.429	0.347	0.553
-17	18 Michigan	18 Villanova	0.452	0.579	0.337	0.337	0.122	0.479	0.469	0.516	0.539	0.509	0.495	0.497	0.599	0.241	0.320	0.672	0.497	0.205	0.178	0.497	0.343	0.380	0.529	0.710	0.434	0.344	0.398	0.755	0.397	0.247	0.474
17	18 Villanova	18 Michigan	0.548	0.421	0.663	0.663	0.878	0.521	0.531	0.484	0.461	0.491	0.505	0.503	0.401	0.759	0.680	0.328	0.503	0.795	0.822	0.503	0.657	0.620	0.471	0.290	0.566	0.656	0.602	0.245	0.603	0.753	0.526
